date,daily_deaths_actual,daily_deaths_est,daily_deaths_95CI_lower,daily_deaths_95CI_upper,cumulative_deaths_actual,cumulative_deaths_est,cumulative_deaths_95CI_lower,cumulative_deaths_95CI_upper,daily_deaths_av7
2020-02-29,1,NA,NA,NA,1,NA,NA,NA,NA
2020-03-01,2,NA,NA,NA,3,NA,NA,NA,NA
2020-03-02,3,NA,NA,NA,6,NA,NA,NA,NA
2020-03-03,4,NA,NA,NA,10,NA,NA,NA,2.142857142857143
2020-03-04,2,NA,NA,NA,12,NA,NA,NA,2.571428571428571
2020-03-05,0,NA,NA,NA,12,NA,NA,NA,2.714285714285714
2020-03-06,3,NA,NA,NA,15,NA,NA,NA,2.8571428571428568
2020-03-07,4,NA,NA,NA,19,NA,NA,NA,2.9999999999999996
2020-03-08,3,NA,NA,NA,22,NA,NA,NA,3.5714285714285707
2020-03-09,4,NA,NA,NA,26,NA,NA,NA,4.428571428571429
2020-03-10,5,NA,NA,NA,31,NA,NA,NA,5
2020-03-11,6,NA,NA,NA,37,NA,NA,NA,5.857142857142857
2020-03-12,6,NA,NA,NA,43,NA,NA,NA,6.57142857142857
2020-03-13,7,NA,NA,NA,50,NA,NA,NA,9.285714285714285
2020-03-14,10,NA,NA,NA,60,NA,NA,NA,12.285714285714286
2020-03-15,8,NA,NA,NA,68,NA,NA,NA,17.857142857142858
2020-03-16,23,NA,NA,NA,91,NA,NA,NA,24.14285714285714
2020-03-17,26,NA,NA,NA,117,NA,NA,NA,32.42857142857142
2020-03-18,45,NA,NA,NA,162,NA,NA,NA,42.714285714285715
2020-03-19,50,NA,NA,NA,212,NA,NA,NA,55.42857142857143
2020-03-20,65,NA,NA,NA,277,NA,NA,NA,69.28571428571428
2020-03-21,82,NA,NA,NA,359,NA,NA,NA,94.99999999999999
2020-03-22,97,NA,NA,NA,456,NA,NA,NA,126.99999999999997
2020-03-23,120,NA,NA,NA,576,NA,NA,NA,162.57142857142856
2020-03-24,206,NA,NA,NA,782,NA,NA,NA,212.7142857142857
2020-03-25,269,NA,NA,NA,1051,NA,NA,NA,276.71428571428567
2020-03-26,299,NA,NA,NA,1350,NA,NA,NA,322.28571428571433
2020-03-27,416,NA,NA,NA,1766,NA,NA,NA,397.8571428571429
2020-03-28,530,NA,NA,NA,2296,NA,NA,NA,501.7142857142858
2020-03-29,416,NA,NA,NA,2712,NA,NA,NA,609.7142857142857
2020-03-30,649,NA,NA,NA,3361,NA,NA,NA,740.5714285714286
2020-03-31,933,NA,NA,NA,4294,NA,NA,NA,879.2857142857141
2020-04-01,1025,NA,NA,NA,5319,NA,NA,NA,1025.4285714285713
2020-04-02,1215,NA,NA,NA,6534,NA,NA,NA,1161.142857142857
2020-04-03,1387,NA,NA,NA,7921,NA,NA,NA,1286.1428571428569
2020-04-04,1553,NA,NA,NA,9474,NA,NA,NA,1471.5714285714282
2020-04-05,1366,NA,NA,NA,10840,NA,NA,NA,1624.1428571428573
2020-04-06,1524,NA,NA,NA,12364,NA,NA,NA,1752.142857142857
2020-04-07,2231,NA,NA,NA,14595,NA,NA,NA,1876.4285714285716
2020-04-08,2093,NA,NA,NA,16688,NA,NA,NA,1951.7142857142856
2020-04-09,2111,NA,NA,NA,18799,NA,NA,NA,1996.4285714285716
2020-04-10,2257,NA,NA,NA,21056,NA,NA,NA,2030.4285714285716
2020-04-11,2080,NA,NA,NA,23136,NA,NA,NA,2098.142857142857
2020-04-12,1679,NA,NA,NA,24815,NA,NA,NA,2191.428571428571
2020-04-13,1762,NA,NA,NA,26577,NA,NA,NA,2224.5714285714284
2020-04-14,2705,NA,NA,NA,29282,NA,NA,NA,2228.7142857142853
2020-04-15,2746,NA,NA,NA,32028,NA,NA,NA,2210.5714285714284
2020-04-16,2343,NA,NA,NA,34371,NA,NA,NA,2190.5714285714284
2020-04-17,2286,NA,NA,NA,36657,NA,NA,NA,2201.1428571428573
2020-04-18,1953,NA,NA,NA,38610,NA,NA,NA,2196.285714285714
2020-04-19,1539,NA,NA,NA,40149,NA,NA,NA,2142.285714285714
2020-04-20,1836,NA,NA,NA,41985,NA,NA,NA,2114.714285714286
2020-04-21,2671,NA,NA,NA,44656,NA,NA,NA,2091.5714285714284
2020-04-22,2368,NA,NA,NA,47024,NA,NA,NA,2092.8571428571427
2020-04-23,2150,NA,NA,NA,49174,NA,NA,NA,2051.8571428571427
2020-04-24,2124,NA,NA,NA,51298,NA,NA,NA,1995.5714285714284
2020-04-25,1962,NA,NA,NA,53260,NA,NA,NA,1955.7142857142856
2020-04-26,1252,NA,NA,NA,54512,NA,NA,NA,1976.5714285714284
2020-04-27,1442,NA,NA,NA,55954,NA,NA,NA,1984.2857142857142
2020-04-28,2392,NA,NA,NA,58346,NA,NA,NA,1932.2857142857142
2020-04-29,2514,NA,NA,NA,60860,NA,NA,NA,1878.142857142857
2020-04-30,2204,NA,NA,NA,63064,NA,NA,NA,1889.142857142857
2020-05-01,1760,NA,NA,NA,64824,NA,NA,NA,1838.7142857142858
2020-05-02,1583,NA,NA,NA,66407,NA,NA,NA,1815.8571428571427
2020-05-03,1329,NA,NA,NA,67736,NA,NA,NA,1843.5714285714284
2020-05-04,1089,NA,NA,NA,68825,NA,NA,NA,1807.9999999999998
2020-05-05,2232,NA,NA,NA,71057,NA,NA,NA,1780.8571428571427
2020-05-06,2708,NA,NA,NA,73765,NA,NA,NA,1762.2857142857144
2020-05-07,1955,NA,NA,NA,75720,NA,NA,NA,1705
2020-05-08,1570,NA,NA,NA,77290,NA,NA,NA,1689.2857142857142
2020-05-09,1453,NA,NA,NA,78743,NA,NA,NA,1606.2857142857142
2020-05-10,928,NA,NA,NA,79671,NA,NA,NA,1471.8571428571427
2020-05-11,979,NA,NA,NA,80650,NA,NA,NA,1440.5714285714284
2020-05-12,1651,NA,NA,NA,82301,NA,NA,NA,1443.1428571428569
2020-05-13,1767,NA,NA,NA,84068,NA,NA,NA,1410.5714285714284
2020-05-14,1736,NA,NA,NA,85804,NA,NA,NA,1398.4285714285713
2020-05-15,1588,NA,NA,NA,87392,NA,NA,NA,1379.2857142857142
2020-05-16,1225,NA,NA,NA,88617,NA,NA,NA,1360.5714285714284
2020-05-17,843,NA,NA,NA,89460,NA,NA,NA,1319
2020-05-18,845,NA,NA,NA,90305,NA,NA,NA,1258.142857142857
2020-05-19,1520,NA,NA,NA,91825,NA,NA,NA,1215.2857142857142
2020-05-20,1476,NA,NA,NA,93301,NA,NA,NA,1189.9999999999998
2020-05-21,1310,NA,NA,NA,94611,NA,NA,NA,1158.142857142857
2020-05-22,1288,NA,NA,NA,95899,NA,NA,NA,1110
2020-05-23,1048,NA,NA,NA,96947,NA,NA,NA,999.5714285714284
2020-05-24,620,NA,NA,NA,97567,NA,NA,NA,1000.8571428571428
2020-05-25,508,NA,NA,NA,98075,NA,NA,NA,985
2020-05-26,747,NA,NA,NA,98822,NA,NA,NA,970.8571428571427
2020-05-27,1485,NA,NA,NA,100307,NA,NA,NA,958.5714285714284
2020-05-28,1199,NA,NA,NA,101506,NA,NA,NA,955.8571428571427
2020-05-29,1189,NA,NA,NA,102695,NA,NA,NA,988.142857142857
2020-05-30,962,NA,NA,NA,103657,NA,NA,NA,1035.7142857142856
2020-05-31,601,NA,NA,NA,104258,NA,NA,NA,964.5714285714284
2020-06-01,734,NA,NA,NA,104992,NA,NA,NA,937.2857142857143
2020-06-02,1080,NA,NA,NA,106072,NA,NA,NA,926.1428571428572
2020-06-03,987,NA,NA,NA,107059,NA,NA,NA,892.5714285714287
2020-06-04,1008,NA,NA,NA,108067,NA,NA,NA,862.4285714285713
2020-06-05,1111,NA,NA,NA,109178,NA,NA,NA,860.7142857142856
2020-06-06,727,NA,NA,NA,109905,NA,NA,NA,853.5714285714286
2020-06-07,390,NA,NA,NA,110295,NA,NA,NA,845.142857142857
2020-06-08,722,NA,NA,NA,111017,NA,NA,NA,826.2857142857141
2020-06-09,1030,NA,NA,NA,112047,NA,NA,NA,778.5714285714284
2020-06-10,928,NA,NA,NA,112975,NA,NA,NA,773.5714285714284
2020-06-11,876,NA,NA,NA,113851,NA,NA,NA,762.9999999999999
2020-06-12,777,NA,NA,NA,114628,NA,NA,NA,724.2857142857142
2020-06-13,692,NA,NA,NA,115320,NA,NA,NA,687
2020-06-14,316,NA,NA,NA,115636,NA,NA,NA,663.8571428571429
2020-06-15,451,NA,NA,NA,116087,NA,NA,NA,642.5714285714286
2020-06-16,769,NA,NA,NA,116856,NA,NA,NA,631.2857142857143
2020-06-17,766,NA,NA,NA,117622,NA,NA,NA,610.4285714285713
2020-06-18,727,NA,NA,NA,118349,NA,NA,NA,601.7142857142857
2020-06-19,698,NA,NA,NA,119047,NA,NA,NA,588.7142857142857
2020-06-20,546,NA,NA,NA,119593,NA,NA,NA,597.8571428571428
2020-06-21,255,NA,NA,NA,119848,NA,NA,NA,598
2020-06-22,360,NA,NA,NA,120208,NA,NA,NA,846.1428571428571
2020-06-23,833,NA,NA,NA,121041,NA,NA,NA,836.8571428571429
2020-06-24,767,NA,NA,NA,121808,NA,NA,NA,831.7142857142857
2020-06-25,2464,NA,NA,NA,124272,NA,NA,NA,834
2020-06-26,633,NA,NA,NA,124905,NA,NA,NA,832.1428571428571
2020-06-27,510,NA,NA,NA,125415,NA,NA,NA,904.7142857142857
2020-06-28,271,NA,NA,NA,125686,NA,NA,NA,886.8571428571428
2020-06-29,347,NA,NA,NA,126033,NA,NA,NA,638.1428571428571
2020-06-30,1341,NA,NA,NA,127374,NA,NA,NA,632
2020-07-01,642,NA,NA,NA,128016,NA,NA,NA,596.2857142857142
2020-07-02,723,NA,NA,NA,128739,NA,NA,NA,594.9999999999999
2020-07-03,590,NA,NA,NA,129329,NA,NA,NA,601.2857142857142
2020-07-04,260,NA,NA,NA,129589,NA,NA,NA,546.2857142857142
2020-07-05,262,NA,NA,NA,129851,NA,NA,NA,590
2020-07-06,391,NA,NA,NA,130242,NA,NA,NA,606.8571428571429
2020-07-07,956,NA,NA,NA,131198,NA,NA,NA,640.8571428571428
2020-07-08,948,NA,NA,NA,132146,NA,NA,NA,699
2020-07-09,841,NA,NA,NA,132987,NA,NA,NA,718.1428571428571
2020-07-10,828,NA,NA,NA,133815,NA,NA,NA,723
2020-07-11,667,NA,NA,NA,134482,NA,NA,NA,722.4285714285714
2020-07-12,396,NA,NA,NA,134878,NA,NA,NA,725.4285714285713
2020-07-13,425,NA,NA,NA,135303,NA,NA,NA,742
2020-07-14,952,NA,NA,NA,136255,NA,NA,NA,751.7142857142856
2020-07-15,969,NA,NA,NA,137224,NA,NA,NA,766.9999999999999
2020-07-16,957,NA,NA,NA,138181,NA,NA,NA,769.2857142857142
2020-07-17,896,NA,NA,NA,139077,NA,NA,NA,784.1428571428571
2020-07-18,774,NA,NA,NA,139851,NA,NA,NA,809.1428571428571
2020-07-19,412,NA,NA,NA,140263,NA,NA,NA,836.4285714285713
2020-07-20,529,NA,NA,NA,140792,NA,NA,NA,858.7142857142857
2020-07-21,1127,NA,NA,NA,141919,NA,NA,NA,894
2020-07-22,1160,NA,NA,NA,143079,NA,NA,NA,908.1428571428571
2020-07-23,1113,NA,NA,NA,144192,NA,NA,NA,912.1428571428571
2020-07-24,1143,NA,NA,NA,145335,NA,NA,NA,1079.2857142857142
2020-07-25,873,NA,NA,NA,146208,NA,NA,NA,1106.7142857142858
2020-07-26,440,NA,NA,NA,146648,NA,NA,NA,1143.7142857142856
2020-07-27,1699,NA,NA,NA,148347,NA,NA,NA,1164.4285714285713
2020-07-28,1319,NA,NA,NA,149666,NA,NA,NA,1204.5714285714284
2020-07-29,1419,NA,NA,NA,151085,NA,NA,NA,1229.7142857142858
2020-07-30,1258,NA,NA,NA,152343,NA,NA,NA,1226.142857142857
2020-07-31,1424,NA,NA,NA,153767,NA,NA,NA,1070.8571428571427
2020-08-01,1049,NA,NA,NA,154816,NA,NA,NA,1075.2857142857142
2020-08-02,415,NA,NA,NA,155231,NA,NA,NA,1052.2857142857144
2020-08-03,612,NA,NA,NA,155843,NA,NA,NA,1039
2020-08-04,1350,NA,NA,NA,157193,NA,NA,NA,1028.2857142857142
2020-08-05,1258,NA,NA,NA,158451,NA,NA,NA,1016.1428571428571
2020-08-06,1165,NA,NA,NA,159616,NA,NA,NA,1033.285714285714
2020-08-07,1349,NA,NA,NA,160965,NA,NA,NA,1022.5714285714284
2020-08-08,964,NA,NA,NA,161929,NA,NA,NA,1035.857142857143
2020-08-09,535,NA,NA,NA,162464,NA,NA,NA,1066.8571428571427
2020-08-10,537,NA,NA,NA,163001,NA,NA,NA,1072.142857142857
2020-08-11,1443,NA,NA,NA,164444,NA,NA,NA,1045.8571428571427
2020-08-12,1475,NA,NA,NA,165919,NA,NA,NA,1057.7142857142856
2020-08-13,1202,NA,NA,NA,167121,NA,NA,NA,1054.1428571428569
2020-08-14,1165,NA,NA,NA,168286,NA,NA,NA,1053.8571428571427
2020-08-15,1047,NA,NA,NA,169333,NA,NA,NA,1038.8571428571427
2020-08-16,510,NA,NA,NA,169843,NA,NA,NA,1011.7142857142857
2020-08-17,535,NA,NA,NA,170378,NA,NA,NA,987.1428571428571
2020-08-18,1338,NA,NA,NA,171716,NA,NA,NA,985.5714285714286
2020-08-19,1285,NA,NA,NA,173001,NA,NA,NA,970.7142857142857
2020-08-20,1030,NA,NA,NA,174031,NA,NA,NA,960.1428571428571
2020-08-21,1154,NA,NA,NA,175185,NA,NA,NA,955.5714285714284
2020-08-22,943,NA,NA,NA,176128,NA,NA,NA,936.8571428571428
2020-08-23,436,NA,NA,NA,176564,NA,NA,NA,927.7142857142857
2020-08-24,503,NA,NA,NA,177067,NA,NA,NA,940.2857142857143
2020-08-25,1207,NA,NA,NA,178274,NA,NA,NA,917.8571428571429
2020-08-26,1221,NA,NA,NA,179495,NA,NA,NA,907.0000000000001
2020-08-27,1118,NA,NA,NA,180613,NA,NA,NA,897.4285714285714
2020-08-28,997,NA,NA,NA,181610,NA,NA,NA,895.4285714285713
2020-08-29,867,NA,NA,NA,182477,NA,NA,NA,878.2857142857142
2020-08-30,369,NA,NA,NA,182846,NA,NA,NA,857
2020-08-31,489,NA,NA,NA,183335,NA,NA,NA,850.4285714285714
2020-09-01,1087,NA,NA,NA,184422,NA,NA,NA,846.8571428571428
2020-09-02,1072,NA,NA,NA,185494,NA,NA,NA,823.2857142857143
2020-09-03,1072,NA,NA,NA,186566,NA,NA,NA,826.5714285714284
2020-09-04,972,NA,NA,NA,187538,NA,NA,NA,794.2857142857142
2020-09-05,702,NA,NA,NA,188240,NA,NA,NA,703.4285714285713
2020-09-06,392,NA,NA,NA,188632,NA,NA,NA,715.7142857142857
2020-09-07,263,NA,NA,NA,188895,NA,NA,NA,691.4285714285714
2020-09-08,451,NA,NA,NA,189346,NA,NA,NA,726.1428571428571
2020-09-09,1158,NA,NA,NA,190504,NA,NA,NA,723.7142857142857
2020-09-10,902,NA,NA,NA,191406,NA,NA,NA,724.1428571428571
2020-09-11,1215,NA,NA,NA,192621,NA,NA,NA,750
2020-09-12,685,NA,NA,NA,193306,NA,NA,NA,867
2020-09-13,395,NA,NA,NA,193701,NA,NA,NA,841.2857142857143
2020-09-14,444,NA,NA,NA,194145,NA,NA,NA,830.8571428571429
2020-09-15,1270,NA,NA,NA,195415,NA,NA,NA,791
2020-09-16,978,NA,NA,NA,196393,NA,NA,NA,788.7142857142857
2020-09-17,829,NA,NA,NA,197222,NA,NA,NA,764.2857142857142
2020-09-18,936,NA,NA,NA,198158,NA,NA,NA,762
2020-09-19,669,NA,NA,NA,198827,NA,NA,NA,714.4285714285713
2020-09-20,224,NA,NA,NA,199051,NA,NA,NA,729.9999999999999
2020-09-21,428,NA,NA,NA,199479,NA,NA,NA,736.4285714285713
2020-09-22,937,NA,NA,NA,200416,NA,NA,NA,726.9999999999999
2020-09-23,1087,NA,NA,NA,201503,NA,NA,NA,738.8571428571428
2020-09-24,874,NA,NA,NA,202377,NA,NA,NA,744.8571428571428
2020-09-25,870,NA,NA,NA,203247,NA,NA,NA,726.9999999999999
2020-09-26,752,NA,NA,NA,203999,NA,NA,NA,738.8571428571428
2020-09-27,266,NA,NA,NA,204265,NA,NA,NA,744.8571428571428
2020-09-28,NA,607,464,804,NA,204872,204729,205069,NA
2020-09-29,NA,593,454,805,NA,205470,205255,205786,NA
2020-09-30,NA,587,431,779,NA,206060,205762,206454,NA
2020-10-01,NA,578,434,763,NA,206648,206294,207100,NA
2020-10-02,NA,570,420,750,NA,207214,206768,207756,NA
2020-10-03,NA,555,415,760,NA,207768,207284,208404,NA
2020-10-04,NA,542,395,748,NA,208316,207790,209025,NA
2020-10-05,NA,543,393,747,NA,208858,208240,209710,NA
2020-10-06,NA,537,388,747,NA,209404,208716,210390,NA
2020-10-07,NA,525,381,739,NA,209922,209163,211052,NA
2020-10-08,NA,524,375,756,NA,210442,209605,211674,NA
2020-10-09,NA,517,365,774,NA,210964,210035,212406,NA
2020-10-10,NA,520,360,807,NA,211473,210502,213202,NA
2020-10-11,NA,522,358,843,NA,211993,210908,213988,NA
2020-10-12,NA,518,351,888,NA,212512,211313,214684,NA
2020-10-13,NA,528,341,958,NA,213045,211722,215440,NA
2020-10-14,NA,533,344,1057,NA,213574,212116,216245,NA
2020-10-15,NA,544,334,1089,NA,214139,212537,217258,NA
2020-10-16,NA,550,343,1138,NA,214702,212958,218320,NA
2020-10-17,NA,556,333,1264,NA,215235,213343,219417,NA
2020-10-18,NA,584,336,1375,NA,215820,213723,220423,NA
2020-10-19,NA,608,334,1544,NA,216491,214103,221660,NA
2020-10-20,NA,628,339,1504,NA,217142,214515,222791,NA
2020-10-21,NA,668,343,1616,NA,217817,214924,224352,NA
2020-10-22,NA,660,338,1710,NA,218478,215334,225657,NA
2020-10-23,NA,713,344,1769,NA,219236,215723,227031,NA
2020-10-24,NA,766,359,1949,NA,220006,216176,228603,NA
2020-10-25,NA,778,361,1890,NA,220779,216617,230106,NA
2020-10-26,NA,811,358,2074,NA,221692,217116,231643,NA
